58367	31.2	121.4333
58370	31.2333	121.5333
58361	31.1	121.3667
58362	31.4	121.45
58365	31.3667	121.25
58369	31.05	121.7833
58460	30.7333	121.35
58462	31.0333	121.2333
58461	31.1333	121.1167
58463	30.8833	121.5
58366	31.6333	121.4
58237	32.05	118.6167
58238	31.9333	118.9
58235	32.3667	118.85
58340	31.65	119.0333
58339	31.3333	118.9
58354	31.6167	120.35
58351	31.9	120.3
58346	31.3333	119.8167
58027	34.2833	117.15
58012	34.6833	116.5833
58013	34.75	116.9
58130	33.9333	117.95
58035	34.3333	118.35
58026	34.3	117.95
58343	31.8833	119.9833
58342	31.7167	119.55
58345	31.4333	119.4833
58358	31.0667	120.4333
58349	31.2667	120.6333
58359	31.1333	120.6167
58352	31.65	120.7667
58353	31.8667	120.5667
58356	31.4	121
58377	31.4667	121.1
58259	32.0833	120.9833
58268	32.1	121.0833
58264	32.3333	121.1833
58269	31.7833	121.65
58255	32.3667	120.5667
58360	31.9167	121.2
58254	32.5167	120.45
58044	34.5333	119.2333
58040	34.85	119.1333
58036	34.5167	118.7333
58047	34.3	119.2333
58048	34.1167	119.35
58145	33.5333	119.1667
58141	33.6333	119.0167
58139	33.3	118.8833
58140	33.7667	119.3
58138	32.9833	118.5167
58147	32.9833	118.9667
58154	33.4333	120.2
58158	33.2	120.4833
58045	34.2	119.6
58049	34.0333	119.8167
58143	33.8	119.85
58150	33.7667	120.25
58146	33.4667	119.7667
58251	32.85	120.2833
58245	32.4167	119.4167
58244	32.45	119.5833
58148	33.2333	119.3
58242	32.2833	119.1833
58241	32.8	119.45
58252	32.1833	119.4667
58341	31.9833	119.5833
58247	32.25	119.8167
58344	31.9667	119.2
58246	32.5167	119.9
58250	32.5167	120.15
58243	32.9333	119.8333
58257	31.9833	120.25
58249	32.1667	120
58131	33.9833	118.2667
58038	34.0833	118.7833
58132	33.7167	118.6833
58135	33.4833	118.2167
58457	30.2333	120.1667
58459	30.1833	120.2833
58449	30.05	119.95
58448	30.2167	119.7
58542	29.8167	119.6833
58543	29.6167	119.0167
58544	29.4833	119.2667
58563	29.8833	121.8333
58561	29.9833	121.6
58562	29.7833	121.55
58565	29.6833	121.4333
58566	29.4667	121.8833
58567	29.3167	121.4333
58468	30.05	121.1667
58467	30.2	121.2667
58659	28.0333	120.65
58760	27.8333	121.15
58658	28.15	120.6833
58751	27.6833	120.55
58750	27.7833	120.0833
58746	27.55	119.7
58752	27.7833	120.65
58656	28.1167	120.9667
58452	30.7333	120.7667
58451	30.8333	120.9333
58458	30.5333	120.9
58455	30.5167	120.65
58464	30.6167	121.0833
58456	30.6333	120.5167
58450	30.8667	120.05
58454	30.5333	119.9667
58443	31.0167	119.9
58446	30.6333	119.6833
58453	30.0667	120.5
58553	30.05	120.8167
58555	29.5167	120.8833
58550	29.7	120.25
58556	29.6	120.8167
58549	29.1167	119.65
58642	28.8833	119.8
58546	29.4667	119.8833
58548	29.2167	119.4667
58557	29.3333	120.0833
58558	29.2667	120.2167
58643	28.9	120.0333
58633	29	118.9
58631	28.9	118.5
58537	29.1333	118.4
58547	29.0333	119.1833
58632	28.7167	118.6
58477	30.0333	122.1
58570	29.95	122.3
58484	30.25	122.2
58472	30.7333	122.45
58665	28.6167	121.4167
58568	29.1167	121.3833
58559	29.1667	120.9833
58652	28.8667	120.7167
58664	28.3667	121.3667
58660	28.8667	121.2
58667	28.0833	121.2667
58646	28.45	119.9167
58657	28.15	120.2833
58654	28.6667	120.0833
58644	28.6	119.2833
58742	28.1167	119.55
58745	27.6167	119.0667
58647	28.0667	119.1333
58847	26.0833	119.2833
58940	26.0833	119.3333
58941	25.9667	119.5
58844	26.15	119.15
58848	26.2	119.55
58845	26.5	119.5333
58839	26.2333	118.85
58932	25.8667	118.9333
58944	25.5167	119.7833
58942	25.7167	119.3833
59134	24.4833	118.0667
59130	24.7333	118.15
58946	25.45	119
58938	25.2333	118.9833
58936	25.3667	118.7
58828	26.2667	117.6167
58824	26.4	117.15
58819	26.1667	116.8
58818	26.2333	116.6333
58923	25.7	117.8333
58837	26.1667	118.15
58826	26.4	117.8
58821	26.7333	117.4667
58820	26.9	117.1667
58822	26.8333	116.85
58921	25.9667	117.35
59133	24.9	118.9167
58929	25.0667	118.15
58934	25.3333	118.2667
58935	25.4833	118.2333
59137	24.8167	118.5667
59131	24.9667	118.3667
59126	24.5	117.65
59322	23.9833	117.3667
59129	24.1333	117.6
59320	23.7667	117.1333
59122	24.6167	117.75
59321	23.7833	117.5
59124	24.5167	117.3667
59125	24.3833	117.3
58928	25.0167	117.5333
59127	24.4333	117.8333
58834	26.6333	118.1667
58734	27.3333	118.1167
58823	26.8	117.8
58731	27.9167	118.5333
58724	27.5167	117.3
58735	27.5167	118.8
58736	27.3667	118.8167
58725	27.3333	117.4667
58730	27.7667	118.0333
58737	27.05	118.3167
58927	25.05	117.0167
59113	24.7333	116.7167
58911	25.85	116.3667
58918	25.05	116.4167
58917	25.0833	116.1
58912	25.7167	116.75
58926	25.3	117.4167
58846	26.6667	119.5167
58843	26.8833	120.0167
58836	26.5833	118.7333
58933	26.9167	118.9833
58744	27.45	119.4167
58747	27.15	119.35
58749	27.2333	119.8833
58748	27.1	119.65
58754	27.3333	120.2
54823	36.6	117
54816	36.5167	116.8
54727	36.6833	117.55
54821	37	117.2
54828	36.2333	117.6833
54818	36.25	116.4167
54724	37.3167	117.1333
54857	36.0667	120.3333
54943	35.8833	120
54853	36.1667	120.4167
54855	36.3833	120.4667
54849	36.2667	120
54842	36.7667	119.95
54851	36.9	120.5667
54824	36.6333	117.95
54830	36.8167	117.9333
54825	36.5167	117.85
54834	36.8667	118.2833
54829	36.7667	117.8667
54833	36.9667	118.0833
54729	37.1667	117.8667
54836	36.1833	118.1667
58024	34.8667	117.5833
58021	34.7833	117.2833
58022	34.75	117.5667
58025	34.5667	117.7333
54927	35.1	117.2
54736	37.4333	118.6667
54732	37.8667	118.5167
54744	37.5833	118.55
54731	37.4833	118.2167
54738	37.05	118.4
54764	37.5	121.25
54766	37.3833	121.6167
54765	37.4833	121.4333
54751	37.9333	120.7333
54753	37.6333	120.3333
54852	36.9667	120.7333
54749	37.1833	119.95
54752	37.8	120.7667
54755	37.3667	120.3833
54759	37.3	120.8333
54863	36.7833	121.1833
54843	36.75	119.2
54835	36.5	118.55
54837	36.6833	118.8333
54831	36.65	118.5
54848	35.9833	119.4167
54832	36.8833	118.7333
54844	36.4167	119.1833
54846	36.3833	119.75
54841	36.8667	119.4
54915	35.4333	116.6
54916	35.5667	116.85
58020	34.8	117.1333
54907	34.9833	116.65
54917	35.1	116.3167
54921	35.4167	116.3333
54912	35.7	116.4833
54920	35.65	117.2833
54910	35.8167	116.05
54918	35.6	116.9667
54919	35.4167	116.9833
54827	36.1667	117.15
54913	35.75	116.8167
54911	35.9333	116.45
54922	35.8833	117.7833
54819	36.1833	116.8
54774	37.4667	122.1333
54777	37.2	122.0667
54778	37.1667	122.4833
54861	36.9333	121.5333
54945	35.4333	119.5333
54940	35.75	119.2
54936	35.5667	118.8333
54938	35.05	118.4
54935	35.5333	118.4333
58034	34.6	118.3167
54932	35.7667	118.65
58030	34.85	118.0667
54929	35.2667	117.9667
54925	35.5167	117.6333
54939	35.1667	118.8167
54923	35.7167	117.9333
58032	34.9333	118.65
54714	37.45	116.3333
54715	37.3167	116.5667
54716	37.6667	116.8
54728	37.7667	117.3833
54712	37.2	116.8167
54812	36.7833	116.75
54718	37.15	116.4333
54803	36.9833	116.0167
54709	37.2167	116.0667
54726	37.7	117.1833
54811	36.9333	116.6167
54806	36.4167	115.9667
54814	36.5833	116.2333
54807	36.1333	115.8
54808	36.2333	115.6333
54815	36.3833	116.2667
54805	36.4833	115.45
54810	36.8667	116.2667
54802	36.8167	115.7333
54734	37.35	118
54730	37.7	118.1333
54725	37.5	117.5333
54723	37.65	117.5667
54722	37.75	117.6333
54737	37.15	118.15
54822	36.8667	117.7333
54906	35.25	115.4167
54909	35.0833	115.55
58002	34.85	115.5833
58011	34.8	116.0667
58003	34.95	115.8833
54914	35.4167	116.0833
54905	35.5833	115.9333
54904	35.5833	115.5167
54908	35.2667	115.1
59287	23.1667	113.3333
59481	22.9333	113.3167
59284	23.3833	113.2167
59285	23.5667	113.6
59294	23.3333	113.8333
59082	24.6667	113.6
59090	24.95	114.0667
57989	25.1	113.7333
59094	24.3667	114.1167
59081	24.7833	113.2667
59097	24.05	114.2
57988	25.15	113.35
57996	25.1333	114.3167
59493	22.5333	114
59488	22.2833	113.5667
59487	22.2333	113.3
59316	23.4	116.6833
59318	23.2667	116.5833
59319	23.4667	116.7667
59324	23.4333	117.0333
59288	23.05	113.1333
59480	22.85	113.25
59279	23.1833	112.8667
59476	22.5333	113.0333
59478	22.25	112.7833
59475	22.4	112.65
59473	22.7667	112.9667
59477	22.1833	112.3
59658	21.15	110.3
59650	21.3833	110.25
59754	20.3333	110.1833
59654	21.6333	110.3
59750	20.9667	110.0667
59656	21.4333	110.7667
59659	21.75	110.9167
59664	21.5333	110.9833
59653	21.9333	110.85
59655	21.65	110.6167
59456	22.35	110.9333
59278	23.0333	112.45
59271	23.6333	112.4333
59270	23.9167	112.1833
59264	23.4	111.5
59269	23.15	111.7667
59276	23.35	112.65
59298	23.0833	114.4167
59297	23.1833	114.2833
59492	22.9667	114.7333
59290	23.7333	114.2333
59117	24.2667	116.1
59116	24.3333	116.7
59310	23.7667	116.1833
59303	23.9333	115.7667
59106	24.5833	115.9
59114	24.65	116.1667
59109	24.15	115.7333
59501	22.8	115.3667
59500	22.9667	115.3167
59502	22.95	115.65
59293	23.8	114.7333
59304	23.6333	115.1833
59107	24.1	115.25
59096	24.3667	114.4833
59099	24.45	114.9333
59663	21.8333	111.9667
59469	22.1667	111.7833
59280	23.7167	113.0833
59087	23.8833	113.5167
59075	24.4833	112.6333
59074	24.5667	112.15
59071	24.7333	112.2833
59088	24.1833	113.4167
59072	24.8	112.3667
59289	22.9667	113.7333
59485	22.5	113.4
59312	23.6667	116.6333
59313	23.6833	116.9833
59315	23.5833	116.4
59306	23.45	115.85
59317	23.0333	116.3
59314	23.3	116.1333
59471	22.9333	112.05
59470	22.7167	112.2167
59268	23.25	111.5333
59462	22.7	111.6
59432	22.8	108.4
59431	22.6333	108.2167
59435	22.7667	108.4833
59237	23.1667	108.2833
59229	23.1833	107.7
59230	23.7167	108.1667
59235	23.4333	108.6167
59238	23.2167	108.8
59441	22.7	109.25
59046	24.35	109.4
59047	24.25	109.3333
59041	24.65	109.25
59045	24.4833	109.75
57947	25.2167	109.4
57948	25.0833	109.25
57941	25.7833	109.6
57957	25.3167	110.3
57958	25.0833	110.3167
57954	25.2333	110.1833
59051	24.7667	110.5
57956	25.4167	110.3167
57960	25.9333	111.0667
57955	25.6167	110.6667
57949	24.9833	110
57964	25.5	111.15
57942	25.8	110
57859	26.0333	110.6333
59053	24.6167	110.6667
59052	24.8333	110.8167
59055	24.5	110.4
59265	23.4833	111.3
59266	23.4167	111.2333
59256	23.3667	110.9167
59058	24.2	110.5167
59454	22.9167	111
59647	21.0333	109.1
59644	21.45	109.1333
59640	21.6667	109.1833
59635	21.6167	108.35
59631	21.7833	108.35
59429	22.15	107.9667
59626	21.5333	107.9667
59632	21.95	108.6167
59446	22.4167	109.3
59448	22.2667	109.55
59249	23.1167	109.6167
59255	23.55	110.3833
59254	23.4	110.0833
59453	22.65	110.1667
59452	22.85	110.5333
59457	22.3167	110.2667
59449	22.3	109.9833
59451	22.7	110.35
59211	23.9	106.6
59213	23.7333	106.9167
59224	23.6	107.1167
59215	23.3333	106.6167
59209	23.4167	105.8333
59015	24.35	106.5667
59012	24.7833	106.55
59017	24.2667	106.2667
59004	24.5	105.1
59001	24.7833	105.3333
59218	23.1333	106.4167
59228	23.3167	107.5833
59065	24.4167	111.5333
59059	24.1833	110.8
59064	24.55	111.3167
59061	24.8167	111.2667
59023	24.7	108.0333
59034	24.4833	108.6667
59022	24.9833	107.55
57927	24.9667	107.1833
59021	24.55	107.0333
59025	24.5333	107.3833
59033	24.7833	108.9
59031	24.8333	108.25
59027	24.1333	107.25
59037	23.9333	108.1
59242	23.75	109.2333
59038	24.0667	108.65
59241	23.9667	109.6833
59246	23.6	109.6667
59057	24.1333	110.1833
59425	22.4	107.35
59426	22.6333	107.9
59427	22.1167	107.0667
59417	22.3333	106.85
59421	22.8333	107.2
59227	23.0833	107.15
59419	22.1	106.75
59758	20	110.25
59757	20	110.3667
59948	18.2167	109.5833
59845	19.5167	109.5833
59941	18.7667	109.5167
59855	19.2333	110.4667
59856	19.6167	110.75
59951	18.8	110.3333
59838	19.1	108.6167
59851	19.7	110.3333
59854	19.3667	110.1
59843	19.7333	110
59842	19.9	109.6833
59848	19.2333	109.4333
59847	19.2667	109.05
59940	18.75	109.1667
59954	18.5	110.0333
59945	18.65	109.7
59849	19.0333	109.8333
